image: /workspace/karthik/RRC/ros_workspace/IROS2012/21marchv1.pgm
resolution: 0.050000
origin: [-17.000000, -15.400000, 0.000000]
negate: 0
occupied_thresh: 0.65
free_thresh: 0.196

